{
  "asset": {
    "gltfUpAxis": "Z",
    "version": "0.0"
  },
  "geometricError": 200,
  "root": {
    "boundingVolume": {
      "region": [
        1.976688,
        0.403429,
        1.977427,
        0.404275,
        0.0,
        63.0
      ]
    },
    "children": [
      {
        "boundingVolume": {
          "region": [
            1.976695,
            0.403434,
            1.976793,
            0.403548,
            0.0,
            40.0
          ]
        },
        "content": {
          "uri": "./tile/3/0/0.b3dm"
        },
        "geometricError": 100.0,
        "refine": "REPLACE",
        "transform": [
          -0.918729,
          -0.394889,
          0.0,
          0.0,
          0.154167,
          -0.358676,
          0.920643,
          0.0,
          -0.363178,
          0.844951,
          0.392631,
          0.0,
          -2317595.890395,
          5391996.321809,
          2488777.214084,
          1
        ]
      },
      {
        "boundingVolume": {
          "region": [
            1.976689,
            0.403534,
            1.976784,
            0.403652,
            0.0,
            43.0
          ]
        },
        "content": {
          "uri": "./tile/3/0/1.b3dm"
        },
        "geometricError": 100.0,
        "refine": "REPLACE",
        "transform": [
          -0.918732,
          -0.394883,
          0.0,
          0.0,
          0.154201,
          -0.358763,
          0.920604,
          0.0,
          -0.363156,
          0.844917,
          0.392725,
          0.0,
          -2317456.447459,
          5391779.995288,
          2489371.651635,
          1
        ]
      },
      {
        "boundingVolume": {
          "region": [
            1.976688,
            0.403639,
            1.976789,
            0.403753,
            0.0,
            25.0
          ]
        },
        "content": {
          "uri": "./tile/3/0/2.b3dm"
        },
        "geometricError": 100.0,
        "refine": "REPLACE",
        "transform": [
          -0.918731,
          -0.394885,
          0.0,
          0.0,
          0.154239,
          -0.358849,
          0.920564,
          0.0,
          -0.363142,
          0.844879,
          0.39282,
          0.0,
          -2317366.026787,
          5391539.732335,
          2489972.085474,
          1
        ]
      },
      {
        "boundingVolume": {
          "region": [
            1.976747,
            0.403745,
            1.976783,
            0.403815,
            0.0,
            20.0
          ]
        },
        "content": {
          "uri": "./tile/3/0/3.b3dm"
        },
        "geometricError": 100.0,
        "refine": "REPLACE",
        "transform": [
          -0.91872,
          -0.394909,
          0.0,
          0.0,
          0.154279,
          -0.358916,
          0.920531,
          0.0,
          -0.363151,
          0.844839,
          0.392897,
          0.0,
          -2317425.778211,
          5391285.462779,
          2490463.670653,
          1
        ]
      },
      {
        "boundingVolume": {
          "region": [
            1.97678,
            0.403464,
            1.976879,
            0.403544,
            0.0,
            43.0
          ]
        },
        "content": {
          "uri": "./tile/3/1/0.b3dm"
        },
        "geometricError": 100.0,
        "refine": "REPLACE",
        "transform": [
          -0.918695,
          -0.394968,
          0.0,
          0.0,
          0.154202,
          -0.358674,
          0.920638,
          0.0,
          -0.363248,
          0.844915,
          0.392644,
          0.0,
          -2318044.103689,
          5391767.891625,
          2488854.158422,
          1
        ]
      },
      {
        "boundingVolume": {
          "region": [
            1.976768,
            0.403534,
            1.976886,
            0.403649,
            0.0,
            30.0
          ]
        },
        "content": {
          "uri": "./tile/3/1/1.b3dm"
        },
        "geometricError": 100.0,
        "refine": "REPLACE",
        "transform": [
          -0.918696,
          -0.394966,
          0.0,
          0.0,
          0.154233,
          -0.358747,
          0.920604,
          0.0,
          -0.363233,
          0.844884,
          0.392724,
          0.0,
          -2317948.732357,
          5391573.136891,
          2489361.414228,
          1
        ]
      },
      {
        "boundingVolume": {
          "region": [
            1.97678,
            0.403639,
            1.976876,
            0.403756,
            0.0,
            39.0
          ]
        },
        "content": {
          "uri": "./tile/3/1/2.b3dm"
        },
        "geometricError": 100.0,
        "refine": "REPLACE",
        "transform": [
          -0.918695,
          -0.394967,
          0.0,
          0.0,
          0.154272,
          -0.358837,
          0.920563,
          0.0,
          -0.363217,
          0.844846,
          0.392821,
          0.0,
          -2317846.115768,
          5391328.623797,
          2489982.266213,
          1
        ]
      },
      {
        "boundingVolume": {
          "region": [
            1.976766,
            0.403744,
            1.976876,
            0.403861,
            0.0,
            40.0
          ]
        },
        "content": {
          "uri": "./tile/3/1/3.b3dm"
        },
        "geometricError": 100.0,
        "refine": "REPLACE",
        "transform": [
          -0.918698,
          -0.39496,
          0.0,
          0.0,
          0.154307,
          -0.358926,
          0.920522,
          0.0,
          -0.363195,
          0.844811,
          0.392918,
          0.0,
          -2317706.34069,
          5391104.371432,
          2490593.720867,
          1
        ]
      },
      {
        "boundingVolume": {
          "region": [
            1.976794,
            0.403849,
            1.976883,
            0.403968,
            0.0,
            30.0
          ]
        },
        "content": {
          "uri": "./tile/3/1/4.b3dm"
        },
        "geometricError": 100.0,
        "refine": "REPLACE",
        "transform": [
          -0.918691,
          -0.394976,
          0.0,
          0.0,
          0.154352,
          -0.359013,
          0.920481,
          0.0,
          -0.363193,
          0.844766,
          0.393016,
          0.0,
          -2317695.540109,
          5390820.296662,
          2491214.398849,
          1
        ]
      },
      {
        "boundingVolume": {
          "region": [
            1.976834,
            0.403956,
            1.976883,
            0.404027,
            0.0,
            14.0
          ]
        },
        "content": {
          "uri": "./tile/3/1/5.b3dm"
        },
        "geometricError": 100.0,
        "refine": "REPLACE",
        "transform": [
          -0.918683,
          -0.394995,
          0.0,
          0.0,
          0.154389,
          -0.35908,
          0.920449,
          0.0,
          -0.363197,
          0.844729,
          0.393092,
          0.0,
          -2317720.268084,
          5390584.406609,
          2491698.52204,
          1
        ]
      },
      {
        "boundingVolume": {
          "region": [
            1.97684,
            0.404062,
            1.976874,
            0.404153,
            0.0,
            10.0
          ]
        },
        "content": {
          "uri": "./tile/3/1/6.b3dm"
        },
        "geometricError": 100.0,
        "refine": "REPLACE",
        "transform": [
          -0.918684,
          -0.394993,
          0.0,
          0.0,
          0.15443,
          -0.359177,
          0.920404,
          0.0,
          -0.363178,
          0.844687,
          0.393198,
          0.0,
          -2317600.291351,
          5390322.220849,
          2492372.686872,
          1
        ]
      },
      {
        "boundingVolume": {
          "region": [
            1.976871,
            0.403486,
            1.976971,
            0.403544,
            0.0,
            26.0
          ]
        },
        "content": {
          "uri": "./tile/3/2/0.b3dm"
        },
        "geometricError": 100.0,
        "refine": "REPLACE",
        "transform": [
          -0.918659,
          -0.395052,
          0.0,
          0.0,
          0.154239,
          -0.358669,
          0.920634,
          0.0,
          -0.363324,
          0.844878,
          0.392654,
          0.0,
          -2318528.873888,
          5391530.151898,
          2488917.204882,
          1
        ]
      },
      {
        "boundingVolume": {
          "region": [
            1.976871,
            0.403534,
            1.976968,
            0.403656,
            0.0,
            30.0
          ]
        },
        "content": {
          "uri": "./tile/3/2/1.b3dm"
        },
        "geometricError": 100.0,
        "refine": "REPLACE",
        "transform": [
          -0.918659,
          -0.395051,
          0.0,
          0.0,
          0.154267,
          -0.358736,
          0.920603,
          0.0,
          -0.363311,
          0.84485,
          0.392727,
          0.0,
          -2318442.448055,
          5391351.175509,
          2489382.229766,
          1
        ]
      },
      {
        "boundingVolume": {
          "region": [
            1.976861,
            0.403639,
            1.976973,
            0.403755,
            0.0,
            32.0
          ]
        },
        "content": {
          "uri": "./tile/3/2/2.b3dm"
        },
        "geometricError": 100.0,
        "refine": "REPLACE",
        "transform": [
          -0.91866,
          -0.395049,
          0.0,
          0.0,
          0.154303,
          -0.358823,
          0.920563,
          0.0,
          -0.363293,
          0.844814,
          0.392821,
          0.0,
          -2318327.33187,
          5391122.818458,
          2489979.889593,
          1
        ]
      },
      {
        "boundingVolume": {
          "region": [
            1.976853,
            0.403744,
            1.976968,
            0.403862,
            0.0,
            28.0
          ]
        },
        "content": {
          "uri": "./tile/3/2/3.b3dm"
        },
        "geometricError": 100.0,
        "refine": "REPLACE",
        "transform": [
          -0.918663,
          -0.395043,
          0.0,
          0.0,
          0.154339,
          -0.358913,
          0.920522,
          0.0,
          -0.363271,
          0.844778,
          0.392918,
          0.0,
          -2318188.000523,
          5390895.311358,
          2490597.940719,
          1
        ]
      },
      {
        "boundingVolume": {
          "region": [
            1.976871,
            0.403849,
            1.976974,
            0.403967,
            0.0,
            33.0
          ]
        },
        "content": {
          "uri": "./tile/3/2/4.b3dm"
        },
        "geometricError": 100.0,
        "refine": "REPLACE",
        "transform": [
          -0.918658,
          -0.395054,
          0.0,
          0.0,
          0.154382,
          -0.358999,
          0.920481,
          0.0,
          -0.363265,
          0.844736,
          0.393015,
          0.0,
          -2318150.56369,
          5390626.537717,
          2491210.328372,
          1
        ]
      },
      {
        "boundingVolume": {
          "region": [
            1.976872,
            0.403954,
            1.976967,
            0.404061,
            0.0,
            28.0
          ]
        },
        "content": {
          "uri": "./tile/3/2/5.b3dm"
        },
        "geometricError": 100.0,
        "refine": "REPLACE",
        "transform": [
          -0.918659,
          -0.395051,
          0.0,
          0.0,
          0.154417,
          -0.359084,
          0.920442,
          0.0,
          -0.363246,
          0.844701,
          0.393106,
          0.0,
          -2318034.236285,
          5390406.119018,
          2491791.531854,
          1
        ]
      },
      {
        "boundingVolume": {
          "region": [
            1.976865,
            0.404062,
            1.97697,
            0.404155,
            0.0,
            9.0
          ]
        },
        "content": {
          "uri": "./tile/3/2/6.b3dm"
        },
        "geometricError": 100.0,
        "refine": "REPLACE",
        "transform": [
          -0.91866,
          -0.395049,
          0.0,
          0.0,
          0.154452,
          -0.359169,
          0.920403,
          0.0,
          -0.363229,
          0.844665,
          0.393199,
          0.0,
          -2317926.454443,
          5390179.322317,
          2492378.381998,
          1
        ]
      },
      {
        "boundingVolume": {
          "region": [
            1.976963,
            0.403452,
            1.977069,
            0.403543,
            0.0,
            28.0
          ]
        },
        "content": {
          "uri": "./tile/3/3/0.b3dm"
        },
        "geometricError": 100.0,
        "refine": "REPLACE",
        "transform": [
          -0.918621,
          -0.395139,
          0.0,
          0.0,
          0.154267,
          -0.358639,
          0.920641,
          0.0,
          -0.363407,
          0.84485,
          0.392637,
          0.0,
          -2319057.280846,
          5391351.064734,
          2488813.54726,
          1
        ]
      },
      {
        "boundingVolume": {
          "region": [
            1.976954,
            0.403534,
            1.977069,
            0.403653,
            0.0,
            32.0
          ]
        },
        "content": {
          "uri": "./tile/3/3/1.b3dm"
        },
        "geometricError": 100.0,
        "refine": "REPLACE",
        "transform": [
          -0.918623,
          -0.395135,
          0.0,
          0.0,
          0.1543,
          -0.358721,
          0.920604,
          0.0,
          -0.363388,
          0.844817,
          0.392725,
          0.0,
          -2318938.701781,
          5391141.927773,
          2489373.230839,
          1
        ]
      },
      {
        "boundingVolume": {
          "region": [
            1.976963,
            0.403639,
            1.977063,
            0.40376,
            0.0,
            25.0
          ]
        },
        "content": {
          "uri": "./tile/3/3/2.b3dm"
        },
        "geometricError": 100.0,
        "refine": "REPLACE",
        "transform": [
          -0.918622,
          -0.395137,
          0.0,
          0.0,
          0.154339,
          -0.35881,
          0.920562,
          0.0,
          -0.363374,
          0.844778,
          0.392823,
          0.0,
          -2318844.9574,
          5390894.686004,
          2489991.739387,
          1
        ]
      },
      {
        "boundingVolume": {
          "region": [
            1.976957,
            0.403744,
            1.977071,
            0.40386,
            0.0,
            33.0
          ]
        },
        "content": {
          "uri": "./tile/3/3/3.b3dm"
        },
        "geometricError": 100.0,
        "refine": "REPLACE",
        "transform": [
          -0.918622,
          -0.395138,
          0.0,
          0.0,
          0.154376,
          -0.358896,
          0.920522,
          0.0,
          -0.363358,
          0.844741,
          0.392917,
          0.0,
          -2318748.319829,
          5390657.537443,
          2490591.042501,
          1
        ]
      },
      {
        "boundingVolume": {
          "region": [
            1.976963,
            0.403849,
            1.97706,
            0.403978,
            0.0,
            63.0
          ]
        },
        "content": {
          "uri": "./tile/3/3/4.b3dm"
        },
        "geometricError": 100.0,
        "refine": "REPLACE",
        "transform": [
          -0.918623,
          -0.395135,
          0.0,
          0.0,
          0.154416,
          -0.35899,
          0.920479,
          0.0,
          -0.363339,
          0.844701,
          0.39302,
          0.0,
          -2318623.834399,
          5390408.830731,
          2491240.762242,
          1
        ]
      },
      {
        "boundingVolume": {
          "region": [
            1.976958,
            0.403955,
            1.97706,
            0.404071,
            0.0,
            13.0
          ]
        },
        "content": {
          "uri": "./tile/3/3/5.b3dm"
        },
        "geometricError": 100.0,
        "refine": "REPLACE",
        "transform": [
          -0.918624,
          -0.395133,
          0.0,
          0.0,
          0.154451,
          -0.359074,
          0.92044,
          0.0,
          -0.363321,
          0.844666,
          0.393111,
          0.0,
          -2318512.353217,
          5390186.137005,
          2491822.370752,
          1
        ]
      },
      {
        "boundingVolume": {
          "region": [
            1.976964,
            0.404063,
            1.977059,
            0.404144,
            0.0,
            3.0
          ]
        },
        "content": {
          "uri": "./tile/3/3/6.b3dm"
        },
        "geometricError": 100.0,
        "refine": "REPLACE",
        "transform": [
          -0.918623,
          -0.395136,
          0.0,
          0.0,
          0.154485,
          -0.35915,
          0.920405,
          0.0,
          -0.36331,
          0.844633,
          0.393195,
          0.0,
          -2318437.889816,
          5389971.819074,
          2492351.623185,
          1
        ]
      },
      {
        "boundingVolume": {
          "region": [
            1.977021,
            0.404195,
            1.977056,
            0.404225,
            0.0,
            3.0
          ]
        },
        "content": {
          "uri": "./tile/3/3/7.b3dm"
        },
        "geometricError": 100.0,
        "refine": "REPLACE",
        "transform": [
          -0.918612,
          -0.39516,
          0.0,
          0.0,
          0.154533,
          -0.359235,
          0.920364,
          0.0,
          -0.363316,
          0.844584,
          0.393292,
          0.0,
          -2318479.124345,
          5389665.776437,
          2492970.845445,
          1
        ]
      },
      {
        "boundingVolume": {
          "region": [
            1.977055,
            0.40343,
            1.977158,
            0.403544,
            0.0,
            30.0
          ]
        },
        "content": {
          "uri": "./tile/3/4/0.b3dm"
        },
        "geometricError": 100.0,
        "refine": "REPLACE",
        "transform": [
          -0.918585,
          -0.395223,
          0.0,
          0.0,
          0.154295,
          -0.358617,
          0.920645,
          0.0,
          -0.363485,
          0.844821,
          0.392628,
          0.0,
          -2319555.422683,
          5391164.209482,
          2488754.495037,
          1
        ]
      },
      {
        "boundingVolume": {
          "region": [
            1.977055,
            0.403534,
            1.977151,
            0.403652,
            0.0,
            47.0
          ]
        },
        "content": {
          "uri": "./tile/3/4/1.b3dm"
        },
        "geometricError": 100.0,
        "refine": "REPLACE",
        "transform": [
          -0.918587,
          -0.39522,
          0.0,
          0.0,
          0.154332,
          -0.358706,
          0.920604,
          0.0,
          -0.363466,
          0.844784,
          0.392725,
          0.0,
          -2319434.720493,
          5390929.817634,
          2489370.490924,
          1
        ]
      },
      {
        "boundingVolume": {
          "region": [
            1.977058,
            0.403639,
            1.977162,
            0.403754,
            0.0,
            30.0
          ]
        },
        "content": {
          "uri": "./tile/3/4/2.b3dm"
        },
        "geometricError": 100.0,
        "refine": "REPLACE",
        "transform": [
          -0.918584,
          -0.395226,
          0.0,
          0.0,
          0.154372,
          -0.358793,
          0.920563,
          0.0,
          -0.363455,
          0.844744,
          0.39282,
          0.0,
          -2319366.572906,
          5390677.302803,
          2489976.654125,
          1
        ]
      },
      {
        "boundingVolume": {
          "region": [
            1.977055,
            0.403744,
            1.977151,
            0.40387,
            0.0,
            39.0
          ]
        },
        "content": {
          "uri": "./tile/3/4/3.b3dm"
        },
        "geometricError": 100.0,
        "refine": "REPLACE",
        "transform": [
          -0.918587,
          -0.39522,
          0.0,
          0.0,
          0.15441,
          -0.358887,
          0.92052,
          0.0,
          -0.363433,
          0.844706,
          0.392922,
          0.0,
          -2319223.218157,
          5390439.206612,
          2490621.209484,
          1
        ]
      },
      {
        "boundingVolume": {
          "region": [
            1.977048,
            0.403849,
            1.977159,
            0.403979,
            0.0,
            37.0
          ]
        },
        "content": {
          "uri": "./tile/3/4/4.b3dm"
        },
        "geometricError": 100.0,
        "refine": "REPLACE",
        "transform": [
          -0.918587,
          -0.39522,
          0.0,
          0.0,
          0.154449,
          -0.358976,
          0.920479,
          0.0,
          -0.363416,
          0.844668,
          0.39302,
          0.0,
          -2319118.98946,
          5390194.094217,
          2491244.467787,
          1
        ]
      },
      {
        "boundingVolume": {
          "region": [
            1.977053,
            0.403954,
            1.977151,
            0.404072,
            0.0,
            14.0
          ]
        },
        "content": {
          "uri": "./tile/3/4/5.b3dm"
        },
        "geometricError": 100.0,
        "refine": "REPLACE",
        "transform": [
          -0.918587,
          -0.395219,
          0.0,
          0.0,
          0.154484,
          -0.35906,
          0.92044,
          0.0,
          -0.3634,
          0.844632,
          0.393111,
          0.0,
          -2319014.696657,
          5389970.073196,
          2491822.285113,
          1
        ]
      },
      {
        "boundingVolume": {
          "region": [
            1.977054,
            0.40406,
            1.977161,
            0.404174,
            0.0,
            3.0
          ]
        },
        "content": {
          "uri": "./tile/3/4/6.b3dm"
        },
        "geometricError": 100.0,
        "refine": "REPLACE",
        "transform": [
          -0.918585,
          -0.395224,
          0.0,
          0.0,
          0.154524,
          -0.359147,
          0.9204,
          0.0,
          -0.363389,
          0.844593,
          0.393207,
          0.0,
          -2318942.167902,
          5389718.508832,
          2492429.751408,
          1
        ]
      },
      {
        "boundingVolume": {
          "region": [
            1.977073,
            0.404168,
            1.977151,
            0.404183,
            0.0,
            3.0
          ]
        },
        "content": {
          "uri": "./tile/3/4/7.b3dm"
        },
        "geometricError": 100.0,
        "refine": "REPLACE",
        "transform": [
          -0.918583,
          -0.395228,
          0.0,
          0.0,
          0.154547,
          -0.359195,
          0.920377,
          0.0,
          -0.363383,
          0.84457,
          0.393261,
          0.0,
          -2318908.003185,
          5389575.194101,
          2492769.132051,
          1
        ]
      },
      {
        "boundingVolume": {
          "region": [
            1.977147,
            0.403429,
            1.97725,
            0.403549,
            0.0,
            13.0
          ]
        },
        "content": {
          "uri": "./tile/3/5/0.b3dm"
        },
        "geometricError": 100.0,
        "refine": "REPLACE",
        "transform": [
          -0.918549,
          -0.395307,
          0.0,
          0.0,
          0.154329,
          -0.358604,
          0.920644,
          0.0,
          -0.363563,
          0.844786,
          0.392629,
          0.0,
          -2320051.002269,
          5390946.389059,
          2488764.327212,
          1
        ]
      },
      {
        "boundingVolume": {
          "region": [
            1.977135,
            0.403534,
            1.977248,
            0.40365,
            0.0,
            30.0
          ]
        },
        "content": {
          "uri": "./tile/3/5/1.b3dm"
        },
        "geometricError": 100.0,
        "refine": "REPLACE",
        "transform": [
          -0.918552,
          -0.395301,
          0.0,
          0.0,
          0.154364,
          -0.358692,
          0.920604,
          0.0,
          -0.363541,
          0.844752,
          0.392724,
          0.0,
          -2319910.201378,
          5390727.879755,
          2489364.766048,
          1
        ]
      },
      {
        "boundingVolume": {
          "region": [
            1.977147,
            0.403639,
            1.977243,
            0.403755,
            0.0,
            29.0
          ]
        },
        "content": {
          "uri": "./tile/3/5/2.b3dm"
        },
        "geometricError": 100.0,
        "refine": "REPLACE",
        "transform": [
          -0.91855,
          -0.395304,
          0.0,
          0.0,
          0.154403,
          -0.35878,
          0.920563,
          0.0,
          -0.363528,
          0.844713,
          0.392821,
          0.0,
          -2319826.958743,
          5390478.143731,
          2489978.917191,
          1
        ]
      },
      {
        "boundingVolume": {
          "region": [
            1.97714,
            0.403744,
            1.977243,
            0.403857,
            0.0,
            33.0
          ]
        },
        "content": {
          "uri": "./tile/3/5/3.b3dm"
        },
        "geometricError": 100.0,
        "refine": "REPLACE",
        "transform": [
          -0.918552,
          -0.395301,
          0.0,
          0.0,
          0.15444,
          -0.358867,
          0.920523,
          0.0,
          -0.363509,
          0.844677,
          0.392916,
          0.0,
          -2319707.149704,
          5390248.686729,
          2490583.124156,
          1
        ]
      },
      {
        "boundingVolume": {
          "region": [
            1.977147,
            0.403849,
            1.97725,
            0.403975,
            0.0,
            32.0
          ]
        },
        "content": {
          "uri": "./tile/3/5/4.b3dm"
        },
        "geometricError": 100.0,
        "refine": "REPLACE",
        "transform": [
          -0.918549,
          -0.395307,
          0.0,
          0.0,
          0.154482,
          -0.35896,
          0.92048,
          0.0,
          -0.363497,
          0.844634,
          0.393019,
          0.0,
          -2319633.41008,
          5389977.501374,
          2491234.228298,
          1
        ]
      },
      {
        "boundingVolume": {
          "region": [
            1.977132,
            0.403954,
            1.977248,
            0.404071,
            0.0,
            29.0
          ]
        },
        "content": {
          "uri": "./tile/3/5/5.b3dm"
        },
        "geometricError": 100.0,
        "refine": "REPLACE",
        "transform": [
          -0.918553,
          -0.395299,
          0.0,
          0.0,
          0.154516,
          -0.359046,
          0.92044,
          0.0,
          -0.363474,
          0.844601,
          0.393111,
          0.0,
          -2319485.479074,
          5389767.687463,
          2491821.874687,
          1
        ]
      },
      {
        "boundingVolume": {
          "region": [
            1.977147,
            0.404059,
            1.977239,
            0.404169,
            0.0,
            5.0
          ]
        },
        "content": {
          "uri": "./tile/3/5/6.b3dm"
        },
        "geometricError": 100.0,
        "refine": "REPLACE",
        "transform": [
          -0.918551,
          -0.395302,
          0.0,
          0.0,
          0.154553,
          -0.359131,
          0.920401,
          0.0,
          -0.363461,
          0.844563,
          0.393204,
          0.0,
          -2319404.278016,
          5389527.620645,
          2492412.655242,
          1
        ]
      },
      {
        "boundingVolume": {
          "region": [
            1.977141,
            0.404167,
            1.977241,
            0.404235,
            0.0,
            4.0
          ]
        },
        "content": {
          "uri": "./tile/3/5/7.b3dm"
        },
        "geometricError": 100.0,
        "refine": "REPLACE",
        "transform": [
          -0.918552,
          -0.3953,
          0.0,
          0.0,
          0.154584,
          -0.359205,
          0.920367,
          0.0,
          -0.363446,
          0.844532,
          0.393284,
          0.0,
          -2319306.954791,
          5389332.80161,
          2492921.006692,
          1
        ]
      },
      {
        "boundingVolume": {
          "region": [
            1.977239,
            0.403434,
            1.977344,
            0.403542,
            0.0,
            11.0
          ]
        },
        "content": {
          "uri": "./tile/3/6/0.b3dm"
        },
        "geometricError": 100.0,
        "refine": "REPLACE",
        "transform": [
          -0.918512,
          -0.395392,
          0.0,
          0.0,
          0.154362,
          -0.358589,
          0.920644,
          0.0,
          -0.363641,
          0.844753,
          0.392629,
          0.0,
          -2320551.700649,
          5390733.088317,
          2488759.577323,
          1
        ]
      },
      {
        "boundingVolume": {
          "region": [
            1.977239,
            0.403534,
            1.977335,
            0.403647,
            0.0,
            26.0
          ]
        },
        "content": {
          "uri": "./tile/3/6/1.b3dm"
        },
        "geometricError": 100.0,
        "refine": "REPLACE",
        "transform": [
          -0.918514,
          -0.395388,
          0.0,
          0.0,
          0.154398,
          -0.358676,
          0.920605,
          0.0,
          -0.363622,
          0.844718,
          0.392723,
          0.0,
          -2320427.169734,
          5390509.016116,
          2489356.927923,
          1
        ]
      },
      {
        "boundingVolume": {
          "region": [
            1.977227,
            0.40364,
            1.977345,
            0.403759,
            0.0,
            31.0
          ]
        },
        "content": {
          "uri": "./tile/3/6/2.b3dm"
        },
        "geometricError": 100.0,
        "refine": "REPLACE",
        "transform": [
          -0.918514,
          -0.395387,
          0.0,
          0.0,
          0.154437,
          -0.358768,
          0.920562,
          0.0,
          -0.363604,
          0.844679,
          0.392823,
          0.0,
          -2320313.455115,
          5390261.786336,
          2489993.892918,
          1
        ]
      },
      {
        "boundingVolume": {
          "region": [
            1.977227,
            0.403744,
            1.977335,
            0.403862,
            0.0,
            36.0
          ]
        },
        "content": {
          "uri": "./tile/3/6/3.b3dm"
        },
        "geometricError": 100.0,
        "refine": "REPLACE",
        "transform": [
          -0.918516,
          -0.395383,
          0.0,
          0.0,
          0.154472,
          -0.358856,
          0.920522,
          0.0,
          -0.363584,
          0.844643,
          0.392918,
          0.0,
          -2320185.676875,
          5390036.587832,
          2490596.319595,
          1
        ]
      },
      {
        "boundingVolume": {
          "region": [
            1.977241,
            0.403853,
            1.977254,
            0.403959,
            0.0,
            14.0
          ]
        },
        "content": {
          "uri": "./tile/3/6/4.b3dm"
        },
        "geometricError": 100.0,
        "refine": "REPLACE",
        "transform": [
          -0.91853,
          -0.395352,
          0.0,
          0.0,
          0.154498,
          -0.358948,
          0.920482,
          0.0,
          -0.363539,
          0.844618,
          0.393013,
          0.0,
          -2319902.190082,
          5389878.571607,
          2491198.230428,
          1
        ]
      },
      {
        "boundingVolume": {
          "region": [
            1.97724,
            0.403955,
            1.977309,
            0.404067,
            0.0,
            27.0
          ]
        },
        "content": {
          "uri": "./tile/3/6/5.b3dm"
        },
        "geometricError": 100.0,
        "refine": "REPLACE",
        "transform": [
          -0.918519,
          -0.395377,
          0.0,
          0.0,
          0.154545,
          -0.359032,
          0.920441,
          0.0,
          -0.363546,
          0.844571,
          0.39311,
          0.0,
          -2319944.138822,
          5389575.104002,
          2491811.511086,
          1
        ]
      },
      {
        "boundingVolume": {
          "region": [
            1.977239,
            0.404061,
            1.977304,
            0.404174,
            0.0,
            9.0
          ]
        },
        "content": {
          "uri": "./tile/3/6/6.b3dm"
        },
        "geometricError": 100.0,
        "refine": "REPLACE",
        "transform": [
          -0.91852,
          -0.395374,
          0.0,
          0.0,
          0.154583,
          -0.359122,
          0.9204,
          0.0,
          -0.363527,
          0.844533,
          0.393207,
          0.0,
          -2319824.517208,
          5389337.664439,
          2492432.168593,
          1
        ]
      },
      {
        "boundingVolume": {
          "region": [
            1.977238,
            0.404165,
            1.977304,
            0.404275,
            0.0,
            9.0
          ]
        },
        "content": {
          "uri": "./tile/3/6/7.b3dm"
        },
        "geometricError": 100.0,
        "refine": "REPLACE",
        "transform": [
          -0.91852,
          -0.395374,
          0.0,
          0.0,
          0.15462,
          -0.359208,
          0.92036,
          0.0,
          -0.363511,
          0.844496,
          0.393301,
          0.0,
          -2319721.458718,
          5389104.287727,
          2493028.611309,
          1
        ]
      },
      {
        "boundingVolume": {
          "region": [
            1.977332,
            0.403453,
            1.977379,
            0.403541,
            0.0,
            9.0
          ]
        },
        "content": {
          "uri": "./tile/3/7/0.b3dm"
        },
        "geometricError": 100.0,
        "refine": "REPLACE",
        "transform": [
          -0.918487,
          -0.395452,
          0.0,
          0.0,
          0.154388,
          -0.358587,
          0.920641,
          0.0,
          -0.363694,
          0.844726,
          0.392637,
          0.0,
          -2320889.554318,
          5390563.547521,
          2488811.410404,
          1
        ]
      },
      {
        "boundingVolume": {
          "region": [
            1.977323,
            0.403534,
            1.977406,
            0.40365,
            0.0,
            23.0
          ]
        },
        "content": {
          "uri": "./tile/3/7/1.b3dm"
        },
        "geometricError": 100.0,
        "refine": "REPLACE",
        "transform": [
          -0.918483,
          -0.39546,
          0.0,
          0.0,
          0.154426,
          -0.358665,
          0.920604,
          0.0,
          -0.363687,
          0.844689,
          0.392724,
          0.0,
          -2320842.992815,
          5390325.815224,
          2489365.928083,
          1
        ]
      },
      {
        "boundingVolume": {
          "region": [
            1.977331,
            0.403639,
            1.977427,
            0.403753,
            0.0,
            31.0
          ]
        },
        "content": {
          "uri": "./tile/3/7/2.b3dm"
        },
        "geometricError": 100.0,
        "refine": "REPLACE",
        "transform": [
          -0.918478,
          -0.395473,
          0.0,
          0.0,
          0.154469,
          -0.358751,
          0.920564,
          0.0,
          -0.363683,
          0.844646,
          0.39282,
          0.0,
          -2320818.125959,
          5390054.194753,
          2489973.081046,
          1
        ]
      },
      {
        "boundingVolume": {
          "region": [
            1.97733,
            0.403745,
            1.977371,
            0.403802,
            0.0,
            23.0
          ]
        },
        "content": {
          "uri": "./tile/3/7/3.b3dm"
        },
        "geometricError": 100.0,
        "refine": "REPLACE",
        "transform": [
          -0.918489,
          -0.395446,
          0.0,
          0.0,
          0.154487,
          -0.35882,
          0.920533,
          0.0,
          -0.363646,
          0.844629,
          0.392891,
          0.0,
          -2320586.471937,
          5389943.165265,
          2490426.234939,
          1
        ]
      }
    ],
    "geometricError": 200,
    "refine": "REPLACE"
  }
}